date,open,high,low,close,volume
,PBI,PBI,PBI,PBI,PBI
2024-01-02 00:00:00+00:00,4.167405674162143,4.186305455767622,4.063457100635173,4.110706329345703,1235500
2024-01-03 00:00:00+00:00,3.987858565097957,4.0445583753287675,3.9028097509646518,3.9217095375061035,1786300
2024-01-04 00:00:00+00:00,3.9784087344442303,4.016208305981423,3.9122592589509253,3.968958616256714,1400400
2024-01-05 00:00:00+00:00,3.9028093316866834,4.016208038752995,3.9028093316866834,3.9973082542419434,1787400
2024-01-08 00:00:00+00:00,3.968958616256714,4.025658424168939,3.968958616256714,3.968958616256714,1297400
2024-01-09 00:00:00+00:00,3.9311587580865757,4.054007581928382,3.9028093068039458,4.025658130645752,1860800
2024-01-10 00:00:00+00:00,4.016207695007324,4.063457377544076,3.9689580124705732,4.016207695007324,1577500
2024-01-11 00:00:00+00:00,4.016207375366681,4.035107156755918,3.9122583524227115,4.0067572593688965,1395100
2024-01-12 00:00:00+00:00,4.044558020431494,4.129606827102034,3.902809408505375,3.9406089782714844,1333000
2024-01-16 00:00:00+00:00,3.9122584344201567,3.968957779776235,3.8555590890640783,3.883908987045288,1209100
2024-01-17 00:00:00+00:00,3.8555598516368006,3.893359422683716,3.7988604950664278,3.893359422683716,1559600
2024-01-18 00:00:00+00:00,3.9217095375061035,3.959509110589007,3.8177604862248913,3.9217095375061035,1070800
2024-01-19 00:00:00+00:00,3.9406085556920516,3.9595083385483485,3.855559307535531,3.9500582218170166,777400
2024-01-22 00:00:00+00:00,4.006757746181633,4.157956466272191,3.9689581788105905,4.13905668258667,3790500
2024-01-23 00:00:00+00:00,4.195756410323215,4.195756410323215,4.0256583418827265,4.0918073654174805,1060800
2024-01-24 00:00:00+00:00,4.15795675832653,4.16740642552984,4.016208145425522,4.044558048248291,1265400
2024-01-25 00:00:00+00:00,4.110707123888803,4.186306264922995,4.054007768113159,4.120157241821289,1675700
2024-01-26 00:00:00+00:00,4.167406267033126,4.195756168777678,4.110706914150422,4.157956600189209,1117200
2024-01-29 00:00:00+00:00,4.13905668258667,4.157956466272191,4.05400743069863,4.13905668258667,1043900
2024-01-30 00:00:00+00:00,4.091807418992215,4.129606990251684,4.02565839459136,4.06345796585083,1141700
2024-01-31 00:00:00+00:00,4.110706368469603,4.157956048236173,3.883908987045288,3.883908987045288,2623700
2024-02-01 00:00:00+00:00,4.186306549086428,4.280805932400141,3.628762395507146,3.9217095375061035,4627800
2024-02-02 00:00:00+00:00,3.8933592625327575,3.8933592625327575,3.7894106717328175,3.8366599082946777,3203900
2024-02-05 00:00:00+00:00,3.7516108843124574,3.7610607767040474,3.4775637796531464,3.5342631340026855,3326200
2024-02-06 00:00:00+00:00,3.5626126619006273,3.761060619112063,3.496463417931214,3.713811159133911,1762900
2024-02-07 00:00:00+00:00,3.7327106717809353,3.7327106717809353,3.628761642082234,3.676011323928833,1059100
2024-02-08 00:00:00+00:00,3.6951573324694786,3.781313998997124,3.64729264453014,3.7525951862335205,1066000
2024-02-09 00:00:00+00:00,3.7908866236169554,3.896189156626769,3.76216781322432,3.8866159915924072,1039900
2024-02-12 00:00:00+00:00,3.8770434098688233,4.049356277861837,3.8770434098688233,4.011064529418945,1522500
2024-02-13 00:00:00+00:00,3.8674701820290682,3.8961892211340072,3.7238761276884764,3.800459623336792,1777500
2024-02-14 00:00:00+00:00,3.896189211760506,3.94405366818873,3.819605488059616,3.8483242988586426,1108500
2024-02-15 00:00:00+00:00,3.905762048252285,3.9823455462221484,3.829178550282421,3.924907922744751,1560500
2024-02-16 00:00:00+00:00,3.886616343238049,3.9249080938927157,3.810032841928716,3.8578977584838867,963100
2024-02-20 00:00:00+00:00,3.7908867878154884,3.8291785366642386,3.743022101754551,3.7717409133911133,1056500
2024-02-21 00:00:00+00:00,3.7430217755725583,3.7717405847064485,3.6377192471781554,3.656865119934082,1053800
2024-02-22 00:00:00+00:00,3.6568652199074236,3.7047299031057905,3.5994276000693834,3.6281464099884033,1052800
2024-02-23 00:00:00+00:00,3.6281465018007313,3.6951570599741856,3.570708880509199,3.647292375564575,831700
2024-02-26 00:00:00+00:00,3.676011651735134,3.7334495085373316,3.6185740231697836,3.695157527923584,1191500
2024-02-27 00:00:00+00:00,3.714303060225796,3.7621677433242082,3.6568652122708887,3.676011085510254,1282000
2024-02-28 00:00:00+00:00,3.6377198993582334,3.7430224466315565,3.5994281469813334,3.695157527923584,888800
2024-02-29 00:00:00+00:00,3.7813140289377163,3.867470467910716,3.733449340619383,3.8578977584838867,1264500
2024-03-01 00:00:00+00:00,3.8674708489721192,4.001491989468538,3.80046027872391,3.9919192790985107,1126200
2024-03-04 00:00:00+00:00,3.9919190452063233,4.030210797390303,3.944054126739502,3.944054126739502,1025600
2024-03-05 00:00:00+00:00,3.896189664746373,4.058929383291442,3.8770437886543827,3.944054126739502,1140300
2024-03-06 00:00:00+00:00,3.9919187117052086,4.078075375158133,3.915335213735345,3.924907922744751,1360800
2024-03-07 00:00:00+00:00,3.953627111860732,4.0110647375048165,3.8866163203724633,3.905762195587158,1103200
2024-03-08 00:00:00+00:00,3.9727727451578367,4.04935624135315,3.9440537058477725,3.953626871109009,1067300
2024-03-11 00:00:00+00:00,3.934481088227811,3.953626962720277,3.810032675789955,3.924907922744751,1152100
2024-03-12 00:00:00+00:00,3.905762160502172,3.953627076345781,3.8674704104167525,3.8961894512176514,1091000
2024-03-13 00:00:00+00:00,3.8770432665476413,4.049356128170831,3.8770432665476413,3.9823453426361084,1548200
2024-03-14 00:00:00+00:00,3.9440536123776786,3.982345359567859,3.76216781322432,3.8866159915924072,1993400
2024-03-15 00:00:00+00:00,3.848324712475991,3.991919010141435,3.848324712475991,3.934481382369995,2551100
2024-03-18 00:00:00+00:00,3.924907887394898,4.001491384675009,3.857897555511626,3.8674702644348145,1067400
2024-03-19 00:00:00+00:00,3.8100327852886227,3.9440539105875922,3.7813139727245577,3.8961894512176514,1893800
2024-03-20 00:00:00+00:00,3.867470419023918,4.0780755014361025,3.8483245439385985,4.049356460571289,1608500
2024-03-21 00:00:00+00:00,4.049356522193016,4.240815275959767,4.030210646816341,4.212096691131592,1587700
2024-03-22 00:00:00+00:00,4.231242596229148,4.240815305747888,4.030210675125144,4.068502426147461,1058200
2024-03-25 00:00:00+00:00,4.097221851348877,4.154659483261289,4.087648684459948,4.097221851348877,719100
2024-03-26 00:00:00+00:00,4.164231991660535,4.202523744411193,4.04935673340856,4.058929443359375,974900
2024-03-27 00:00:00+00:00,4.097221816681867,4.21209707953472,4.0876486498739375,4.192951202392578,914000
2024-03-28 00:00:00+00:00,4.192950727283565,4.25996106145117,4.135513102365475,4.14508581161499,937800
2024-04-01 00:00:00+00:00,4.1546590017773815,4.1546590017773815,3.99191883531533,4.049356460571289,1321400
2024-04-02 00:00:00+00:00,4.020637419706476,4.058929169877114,3.924908044279877,4.049356460571289,1141700
2024-04-03 00:00:00+00:00,4.011064799613985,4.106794177169778,4.0014916336215665,4.068502426147461,624900
2024-04-04 00:00:00+00:00,4.116367709224901,4.183378051236251,3.982346112254764,3.9919192790985107,735600
2024-04-05 00:00:00+00:00,3.953627137833839,3.9919188885147845,3.810032844543457,3.810032844543457,1472900
2024-04-08 00:00:00+00:00,3.848324562112198,3.896189478288372,3.733449311057785,3.7525951862335205,1647000
2024-04-09 00:00:00+00:00,3.8770437525896644,4.145086015384165,3.7813141447833556,4.1355133056640625,2908400
2024-04-10 00:00:00+00:00,4.011064921298313,4.078075715857126,3.8291788701875613,3.944054126739502,1796600
2024-04-11 00:00:00+00:00,3.9631999680188708,3.991919010141435,3.8387520027509283,3.934481382369995,1097800
2024-04-12 00:00:00+00:00,3.877043576174941,3.9249080355448824,3.8004598477672675,3.8961894512176514,1372200
2024-04-15 00:00:00+00:00,3.8961894512176514,3.9823456606730123,3.8196057228099773,3.8961894512176514,1516600
2024-04-16 00:00:00+00:00,3.8483241602590867,3.9057617797884916,3.7908865407296823,3.8196053504943848,860500
2024-04-17 00:00:00+00:00,3.8770436496930154,3.9344812759103007,3.7525952313187254,3.7621681690216064,811500
2024-04-18 00:00:00+00:00,3.7813140289377163,3.953627135120553,3.7717410912740497,3.8578977584838867,1384900
2024-04-19 00:00:00+00:00,3.8387514519076644,3.9249076529649596,3.8100324139061508,3.8196053504943848,1016300
2024-04-22 00:00:00+00:00,3.867470049328697,4.068501946744553,3.867470049328697,4.020637035369873,1181500
2024-04-23 00:00:00+00:00,4.011064326979112,4.078075111608939,3.953626707213671,4.020637035369873,1279000
2024-04-24 00:00:00+00:00,4.011064980657902,4.0780757762084034,3.963200061482729,4.058929443359375,1352900
2024-04-25 00:00:00+00:00,4.011064892091183,4.049356643996337,3.8961896363757225,4.039783477783203,1273900
2024-04-26 00:00:00+00:00,4.068502115401978,4.068502115401978,3.9440537058477725,3.953626871109009,699400
2024-04-29 00:00:00+00:00,3.9440537967134683,4.039783169163085,3.9440537967134683,3.9727728366851807,910700
2024-04-30 00:00:00+00:00,3.9536269954669243,4.173804782190773,3.9153352461648336,4.078075408935547,1810400
2024-05-01 00:00:00+00:00,4.106793993616857,4.164231617583161,3.9631997054642665,4.030210494995117,1306600
2024-05-02 00:00:00+00:00,4.307826314653669,5.092808162987759,4.259961395234703,5.025797367095947,5903500
2024-05-03 00:00:00+00:00,5.0832346058377045,5.274693812325088,4.949213480828102,5.044942855834961,3467900
2024-05-06 00:00:00+00:00,5.073661509581302,5.092807383122326,4.9683589768688545,5.064088344573975,1415400
2024-05-07 00:00:00+00:00,5.073661712999681,5.2172555420776545,4.997077759291472,5.006650924682617,1413600
2024-05-08 00:00:00+00:00,4.958785626655258,5.025796409782864,4.901348008177431,4.977931499481201,1770900
2024-05-09 00:00:00+00:00,4.958785545422849,4.968358709915805,4.82476443783672,4.863056182861328,1311700
2024-05-10 00:00:00+00:00,4.834338461239356,4.8534843371532785,4.76732766730378,4.843911170959473,989000
2024-05-13 00:00:00+00:00,4.853483930213499,5.0449426732998965,4.843910764822354,5.006650924682617,1418900
2024-05-14 00:00:00+00:00,5.07366224791634,5.533163736242625,5.044943205188703,5.4757256507873535,2839900
2024-05-15 00:00:00+00:00,5.523590351551847,5.533163517573963,5.150245549689224,5.2268290519714355,2733900
2024-05-16 00:00:00+00:00,5.217255729003493,5.217255729003493,5.083234604041255,5.092807769775391,945500
2024-05-17 00:00:00+00:00,5.0832346058377045,5.121526355840448,4.987505230830846,5.044942855834961,823500
2024-05-20 00:00:00+00:00,5.073662191574787,5.140672529738977,5.016224106757349,5.054516315460205,1248800
2024-05-21 00:00:00+00:00,5.006651490623101,5.035370533569221,4.910922108258871,5.025797367095947,1567000
2024-05-22 00:00:00+00:00,5.209431217743074,5.296416304219282,4.8614917935638235,4.90015172958374,1868200
2024-05-23 00:00:00+00:00,4.929146690351842,4.987136597195651,4.7938369077162895,4.822831630706787,1148500
2024-05-24 00:00:00+00:00,4.842162312605589,5.083787167465441,4.822831881788478,5.074121952056885,1156000
2024-05-28 00:00:00+00:00,5.07412159309782,5.103116776409441,4.7841716034328226,4.871156692504883,2139600
2024-05-29 00:00:00+00:00,4.871156967706662,5.025796725137722,4.755177149633369,4.967806816101074,1474200
2024-05-30 00:00:00+00:00,5.025796347995156,5.20943127659574,4.99680162608405,5.161106586456299,1435800
2024-05-31 00:00:00+00:00,5.180436778146806,5.286751377557216,5.161106809084657,5.238426685333252,1210800
2024-06-03 00:00:00+00:00,5.31574634018688,5.31574634018688,5.122446657616112,5.248091220855713,1202300
2024-06-04 00:00:00+00:00,5.219096491141305,5.315746332282982,5.093451467225727,5.161106586456299,1214300
2024-06-05 00:00:00+00:00,5.228761562339443,5.26742150114373,5.122446961059066,5.190101623535156,1031700
2024-06-06 00:00:00+00:00,5.161106953057726,5.228761616231118,5.0644566441880325,5.1224470138549805,1300700
2024-06-07 00:00:00+00:00,5.0161317710183075,5.161106768269331,5.0161317710183075,5.064456462860107,1586200
2024-06-10 00:00:00+00:00,4.967806979316901,5.025796890258789,4.909817068375012,5.025796890258789,1404200
2024-06-11 00:00:00+00:00,4.987136526319889,5.016131709761128,4.890486682953767,4.958141803741455,1104400
2024-06-12 00:00:00+00:00,5.228762425863047,5.2577576151861924,4.948477592811864,4.97747278213501,1300700
2024-06-13 00:00:00+00:00,4.948476883963008,4.9678068537885345,4.764841940189094,4.813167095184326,1491100
2024-06-14 00:00:00+00:00,4.745512119355675,4.80350203065293,4.677857453273637,4.697187423706055,909600
2024-06-17 00:00:00+00:00,4.668192235562234,4.822831998953213,4.610202324290617,4.784172058105469,1057800
2024-06-18 00:00:00+00:00,4.7745073603900074,4.90981715497434,4.716517448425293,4.716517448425293,1689100
2024-06-20 00:00:00+00:00,4.726181983009174,4.726181983009174,4.600537410040673,4.63919734954834,1320400
2024-06-21 00:00:00+00:00,4.619867192902546,4.639197161874406,4.474892195182194,4.494222164154053,4420500
2024-06-24 00:00:00+00:00,4.552212146448603,4.648861992908302,4.5038869927873435,4.600537300109863,1483700
2024-06-25 00:00:00+00:00,4.581207334663581,4.619867738031916,4.513552665710449,4.513552665710449,753500
2024-06-26 00:00:00+00:00,4.484557286104023,4.822831998953213,4.46522731568015,4.784172058105469,1396200
2024-06-27 00:00:00+00:00,4.793837164052281,4.832497104015377,4.706852068703896,4.745512008666992,2167600
2024-06-28 00:00:00+00:00,4.8518268348569595,4.977471863975567,4.813166896799359,4.909816741943359,5667000
2024-07-01 00:00:00+00:00,5.054792004428483,5.798996542249297,5.045126788977239,5.75067138671875,6783900
2024-07-02 00:00:00+00:00,5.750671274852866,6.108276404924291,5.586366763143414,6.040621280670166,4659700
2024-07-03 00:00:00+00:00,6.108276681483396,6.204926534177483,5.91497651523237,6.050286769866943,1593600
2024-07-05 00:00:00+00:00,6.011626166524576,6.214591080813842,5.953636256850905,6.146936416625977,2791000
2024-07-08 00:00:00+00:00,6.224255561828613,6.2919106788970955,6.088945788554429,6.224255561828613,2326800
2024-07-09 00:00:00+00:00,6.253250798166698,6.3209059208108895,6.088946290367064,6.1566009521484375,2163000
2024-07-10 00:00:00+00:00,6.2339209012779735,6.253250870705858,5.885981451576058,5.9343061447143555,1821900
2024-07-11 00:00:00+00:00,6.098611434608137,6.427221392951122,6.059951493728121,6.378896236419678,2485700
2024-07-12 00:00:00+00:00,6.446550957094871,6.572195987467523,6.330571141764493,6.48521089553833,1616900
2024-07-15 00:00:00+00:00,6.6205210288192085,6.775161251601371,6.494875991828341,6.688176155090332,2472700
2024-07-16 00:00:00+00:00,6.813821151252368,6.910471001872811,6.630186204642108,6.84281587600708,2853100
2024-07-17 00:00:00+00:00,6.755830780017262,6.949130942120987,6.755830780017262,6.84281587600708,2700100
2024-07-18 00:00:00+00:00,6.833151485314157,7.0264511968502985,6.630186557769775,6.630186557769775,1845600
2024-07-19 00:00:00+00:00,6.63018634097911,6.678511036851615,6.523871272679039,6.552866458892822,1337900
2024-07-22 00:00:00+00:00,6.5818610191345215,6.668846114730957,6.523871109024511,6.5818610191345215,1205600
2024-07-23 00:00:00+00:00,6.523870468139648,6.6301855233286915,6.456215349226113,6.523870468139648,2479900
2024-07-24 00:00:00+00:00,6.446551102693283,6.51420576606594,6.320906069482879,6.369231224060059,1894100
2024-07-25 00:00:00+00:00,6.3982258947460995,6.523870926908451,6.359565955751965,6.436885833740234,1708000
2024-07-26 00:00:00+00:00,6.572196303937598,6.639850969040007,6.39822611170205,6.5142059326171875,2015100
2024-07-29 00:00:00+00:00,6.765496063627091,6.968460982404931,6.388561411980892,6.446551322937012,2575000
2024-07-30 00:00:00+00:00,6.475545977744463,6.552866319043453,6.301576246763126,6.340236186981201,3139200
2024-07-31 00:00:00+00:00,6.398226206859686,6.6011911269111945,6.311241570311074,6.378896236419678,1983900
2024-08-01 00:00:00+00:00,6.407891183252993,6.504541031844317,6.0212913280248666,6.127606391906738,2197800
2024-08-02 00:00:00+00:00,5.847321620187126,5.992296163129305,5.7796664955146975,5.885981559753418,2016500
2024-08-05 00:00:00+00:00,5.586366763550777,5.779666460201186,5.451056515032661,5.625026702880859,2365100
2024-08-06 00:00:00+00:00,5.5960316267449866,5.70234669240101,5.528376501170637,5.663686752319336,2137600
2024-08-07 00:00:00+00:00,5.789331468311003,5.876316566047092,5.39306684238055,5.460721969604492,2925900
2024-08-08 00:00:00+00:00,5.5090460212608585,5.663686228138253,5.412396180001734,5.489716053009033,3864400
2024-08-09 00:00:00+00:00,6.871811022397911,7.442045368234842,5.982631480039911,6.079281330108643,8719600
2024-08-12 00:00:00+00:00,6.108276587030044,6.949130983760604,6.088946616790129,6.688176155090332,5315100
2024-08-13 00:00:00+00:00,6.77516138458867,7.152096042097151,6.765496168847576,6.987791061401367,4424600
2024-08-14 00:00:00+00:00,7.0071206447752905,7.142430431632809,6.746165825404379,6.852480888366699,2152200
2024-08-15 00:00:00+00:00,7.016785493312163,7.045780215692209,6.813820593200635,6.978125095367432,2174600
2024-08-16 00:00:00+00:00,6.987790952599617,7.094106019782038,6.77516127909762,6.949131011962891,2278700
2024-08-19 00:00:00+00:00,6.958795634359462,7.268075614434732,6.958795634359462,7.239080429077148,2321200
2024-08-20 00:00:00+00:00,7.190755118090921,7.258410237549259,7.007120188872116,7.026450157165527,1499400
2024-08-21 00:00:00+00:00,7.113435244917276,7.181089903512817,6.891140379111649,7.026450157165527,1275400
2024-08-22 00:00:00+00:00,7.075110480633784,7.15296581765546,6.9777913093566895,6.9777913093566895,1498500
2024-08-23 00:00:00+00:00,7.045914971831207,7.3184091338164965,6.987523465131741,7.182162284851074,1677000
2024-08-26 00:00:00+00:00,7.211357476748083,7.211357476748083,6.997255295297211,7.045914649963379,981900
2024-08-27 00:00:00+00:00,6.977791196559353,7.104306349201641,6.909667545739412,7.016718864440918,1042100
2024-08-28 00:00:00+00:00,6.968058795262161,7.075110110087551,6.870739629081984,6.938863277435303,1040700
2024-08-29 00:00:00+00:00,6.9680594073802435,6.9875232423261044,6.831812562759217,6.851276397705078,1365500
2024-08-30 00:00:00+00:00,6.919399851993811,6.977791355143219,6.773420862093085,6.880472183227539,1431200
2024-09-03 00:00:00+00:00,6.783152285029031,6.841544249975493,6.539854132618236,6.598246097564697,2119600
2024-09-04 00:00:00+00:00,6.559318162907908,6.71502930067628,6.5106588093995015,6.569050312042236,1040000
2024-09-05 00:00:00+00:00,6.656637728097675,6.744224749114366,6.481462757955479,6.5106587409973145,764100
2024-09-06 00:00:00+00:00,6.471731179757474,6.578782500604609,6.228433018594068,6.267360687255859,1757300
2024-09-09 00:00:00+00:00,6.296556569423991,6.50092707369791,6.267361048273113,6.306288719177246,1548300
2024-09-10 00:00:00+00:00,6.306288355917651,6.364679858910339,6.17977320073962,6.267360687255859,1624000
2024-09-11 00:00:00+00:00,6.208969428583938,6.393876094030668,6.053258283755177,6.345216274261475,1491900
2024-09-12 00:00:00+00:00,6.364680416102929,6.5593187764514,6.296556757953737,6.481463432312012,1158100
2024-09-13 00:00:00+00:00,6.588514033246076,6.617710016093861,6.500926548757124,6.607977867126465,1122800
2024-09-16 00:00:00+00:00,6.617710076021746,6.695565412248334,6.442535105457513,6.46199893951416,1562100
2024-09-17 00:00:00+00:00,6.53012266639484,6.753956992666735,6.4717311635484,6.724761009216309,2828900
2024-09-18 00:00:00+00:00,6.763688645559928,7.036182788266298,6.607977972044525,6.822080612182617,1578200
2024-09-19 00:00:00+00:00,7.03618312913756,7.084842948995678,6.87074029848528,6.90966796875,1449900
2024-09-20 00:00:00+00:00,6.851276131439549,6.9096676340078265,6.724760977181078,6.822080612182617,4738900
2024-09-23 00:00:00+00:00,6.8707404136657715,6.890204249124421,6.734493565455218,6.8707404136657715,1303100
2024-09-24 00:00:00+00:00,6.919399710025497,7.006986730925339,6.822080540106558,6.968059062957764,1293400
2024-09-25 00:00:00+00:00,6.9388636173191705,6.987522970765528,6.822080612182617,6.822080612182617,1145400
2024-09-26 00:00:00+00:00,6.977790845467185,7.036182344351525,6.899935513621398,6.929131031036377,1017900
2024-09-27 00:00:00+00:00,7.006986759569663,7.075110410818611,6.82208056799499,6.919399738311768,1587400
2024-09-30 00:00:00+00:00,6.880471777727196,7.0361824436154805,6.8512757958459485,6.938863277435303,1809700
2024-10-01 00:00:00+00:00,6.919399846182379,6.919399846182379,6.520390545581588,6.6761016845703125,1519500
2024-10-02 00:00:00+00:00,6.588514033246076,6.724760870408798,6.588514033246076,6.607977867126465,925400
2024-10-03 00:00:00+00:00,6.569050379841761,6.744224889577952,6.559318230606986,6.627441883087158,962000
2024-10-04 00:00:00+00:00,6.773420445148115,6.812348111518153,6.666369130603315,6.734492778778076,841100
2024-10-07 00:00:00+00:00,6.6955653671771,6.715029201102726,6.539854231717684,6.5593180656433105,2167200
2024-10-08 00:00:00+00:00,6.627441685828699,6.695565336281245,6.520390367704526,6.656637668609619,1104400
2024-10-09 00:00:00+00:00,6.617710084991023,6.773420757655241,6.56905026775625,6.666369438171387,1021600
2024-10-10 00:00:00+00:00,6.5787821132979225,6.734492778778076,6.481462483318438,6.734492778778076,834300
2024-10-11 00:00:00+00:00,6.734492796429735,6.987522628498197,6.734492796429735,6.938863277435303,1019900
2024-10-14 00:00:00+00:00,6.929131737488522,6.9875232423261044,6.812348727813356,6.851276397705078,544500
2024-10-15 00:00:00+00:00,6.792884644934916,6.890203816112182,6.705297158848171,6.773420810699463,1525400
2024-10-16 00:00:00+00:00,6.841544221700335,6.958327223001813,6.773420572247275,6.899935722351074,1213200
2024-10-17 00:00:00+00:00,6.929131920041723,6.929131920041723,6.7928850718311695,6.8707404136657715,1001600
2024-10-18 00:00:00+00:00,6.890204115422572,7.055646945637964,6.783152790450065,6.958327770233154,1391300
2024-10-21 00:00:00+00:00,6.968059222755433,7.036182875288166,6.773420878453936,6.831812381744385,1365900
2024-10-22 00:00:00+00:00,6.802616643494801,6.9388639534757575,6.705297467833,6.90966796875,1338900
2024-10-23 00:00:00+00:00,6.812348530859356,6.948595371541306,6.79288469647622,6.880472183227539,1871500
2024-10-24 00:00:00+00:00,6.9194000517471,7.055646896362305,6.851276397412283,7.055646896362305,1584400
2024-10-25 00:00:00+00:00,7.104306784128037,7.2016259597898395,6.792884957955838,6.90966796875,2031300
2024-10-28 00:00:00+00:00,6.987522881502541,7.055646532322482,6.8610081929146585,7.016718864440918,1371600
2024-10-29 00:00:00+00:00,7.055646040767343,7.114037538521651,6.938863045258726,7.065378189086914,1186500
2024-10-30 00:00:00+00:00,6.9485957004245975,7.221089858740309,6.9485957004245975,7.172430038452148,1536800
2024-10-31 00:00:00+00:00,7.075110366263265,7.143234017083206,6.899935860796224,7.016718864440918,1904500
2024-11-01 00:00:00+00:00,7.10430673390743,7.2016259088812795,6.9485955898948415,7.00698709487915,1430900
2024-11-04 00:00:00+00:00,6.948595289482887,7.347604585706753,6.909667621176326,7.279480934143066,2376800
2024-11-05 00:00:00+00:00,7.279480639900067,7.367068122076671,7.250284657823068,7.298944473266602,2556000
2024-11-06 00:00:00+00:00,7.590902956524354,7.736881484721249,7.4546556495940965,7.659026145935059,2549200
2024-11-07 00:00:00+00:00,7.659026354806387,7.873129006361684,7.5909031635378765,7.834201335906982,3780900
2024-11-08 00:00:00+00:00,8.544631030511285,8.564095328601198,7.2600170560591915,7.376800060272217,4480700
2024-11-11 00:00:00+00:00,7.522779432612247,7.8828610767811345,7.454655777973931,7.775809288024902,3975200
2024-11-12 00:00:00+00:00,7.717417647626792,7.756345317007793,7.376800308515832,7.454655647277832,2079600
2024-11-13 00:00:00+00:00,7.590902832660143,7.68822200455488,7.2405533497846735,7.289212703704834,1519000
2024-11-14 00:00:00+00:00,7.269748199199807,7.279480347519378,7.006986227278232,7.065378189086914,1928400
2024-11-15 00:00:00+00:00,7.094574566252363,7.221089725422267,6.987523242027487,7.055646896362305,1656000
2024-11-18 00:00:00+00:00,7.075245487198028,7.241837219549053,6.987050221518145,7.1438422203063965,1508100
2024-11-19 00:00:00+00:00,7.12424304597074,7.6142184974605485,7.065446047865203,7.604419231414795,1869800
2024-11-20 00:00:00+00:00,7.6142187436504924,7.663216477294515,7.339832276342602,7.359431743621826,1069300
2024-11-21 00:00:00+00:00,7.349632131606558,7.545622134871923,7.2418373961720945,7.535822868347168,1653300
2024-11-22 00:00:00+00:00,7.575021112070959,7.927803596545886,7.506424375088406,7.88860559463501,2425000
2024-11-25 00:00:00+00:00,8.084594653346391,8.172790380911534,7.947401195516841,7.99639892578125,2118300
2024-11-26 00:00:00+00:00,7.996399799624223,8.10419500489653,7.918003796455678,8.035597801208496,1648600
2024-11-27 00:00:00+00:00,8.074794968298285,8.133592431875272,7.898404446675278,7.976800441741943,1005700
2024-11-29 00:00:00+00:00,8.025797391748442,8.064995390033937,7.869005398606466,7.898404598236084,914000
2024-12-02 00:00:00+00:00,7.927803596545886,7.937603330662126,7.761211854786142,7.88860559463501,1786600
2024-12-03 00:00:00+00:00,7.88860487644519,7.996399138247836,7.575020422430314,7.643617153167725,1378200
2024-12-04 00:00:00+00:00,7.702414434600093,7.957201433216332,7.6240184350258655,7.741612434387207,1415800
2024-12-05 00:00:00+00:00,7.722013671605229,7.751411938709757,7.477025931774685,7.624018669128418,1703600
2024-12-06 00:00:00+00:00,7.702414591466764,7.77101085885273,7.56522112214078,7.663216590881348,1459700
2024-12-09 00:00:00+00:00,7.722012996673584,7.790609258773277,7.624018002761886,7.722012996673584,1046400
2024-12-10 00:00:00+00:00,7.663216289713701,7.820008285893375,7.61421855726905,7.692614555358887,2044300
2024-12-11 00:00:00+00:00,7.810208836814305,7.888605305035073,7.722013569391106,7.790609836578369,2402300
2024-12-12 00:00:00+00:00,7.741612133804363,7.839607129467304,7.663216137274009,7.771010398864746,1011100
2024-12-13 00:00:00+00:00,7.8004095656646655,7.829807832362456,7.4084290939036075,7.555421829223633,2029000
2024-12-16 00:00:00+00:00,7.5162238332752676,7.849407304563201,7.506424099518788,7.790609836578369,2064300
2024-12-17 00:00:00+00:00,7.829807417609923,7.829807417609923,7.467225699029987,7.516223430633545,1678900
2024-12-18 00:00:00+00:00,7.545621765042405,7.633817495827643,7.01644831488499,7.114443778991699,2843200
2024-12-19 00:00:00+00:00,7.212438743389502,7.359431471611585,6.9772502847787665,7.006649017333984,2508700
2024-12-20 00:00:00+00:00,6.830257408475148,7.290834582433793,6.810658409622248,7.085044860839844,6310800
2024-12-23 00:00:00+00:00,7.251636992780781,7.310433992648014,6.996849526079083,7.124243259429932,1564700
2024-12-24 00:00:00+00:00,7.143841853785074,7.222237849157021,7.036047126510151,7.212438583374023,802300
2024-12-26 00:00:00+00:00,7.124243143151746,7.241837140966906,7.055646410787731,7.183040142059326,1364200
2024-12-27 00:00:00+00:00,7.114443954172106,7.20263921985199,7.036047487500966,7.1438422203063965,2001000
2024-12-30 00:00:00+00:00,7.065446550609125,7.1634415544245496,6.7910600726489,7.094844818115234,1597500
2024-12-31 00:00:00+00:00,7.1438425536614645,7.281035559003058,7.094844818115234,7.094844818115234,1447900
2025-01-02 00:00:00+00:00,7.192839844994799,7.251636843652889,7.016448381743521,7.075245380401611,1680200
2025-01-03 00:00:00+00:00,7.085045143880026,7.192839875515761,7.006649145336587,7.183040142059326,2398700
2025-01-06 00:00:00+00:00,7.232037504284236,7.526022483761043,7.212438505652449,7.379030227661133,1789000
2025-01-07 00:00:00+00:00,7.447626653540974,7.51622338390408,6.967450942830219,7.045846939086914,1809300
2025-01-08 00:00:00+00:00,6.977250316153108,7.114443778991699,6.869456053278933,7.114443778991699,1598300
2025-01-10 00:00:00+00:00,6.938052177429199,6.987049908493906,6.800859184635812,6.938052177429199,1109000
2025-01-13 00:00:00+00:00,6.791059785131629,6.908654252008505,6.742062518936862,6.889055252075195,998100
2025-01-14 00:00:00+00:00,6.987050653849002,7.04584765703272,6.889055648542804,6.928253650665283,1191700
2025-01-15 00:00:00+00:00,7.1830404844922855,7.330033222407241,7.075245747717714,7.134043216705322,1385900
2025-01-16 00:00:00+00:00,7.192840178504672,7.212439178966114,7.085045442328226,7.153642177581787,1838400
2025-01-17 00:00:00+00:00,7.261436299061862,7.320233299252511,7.045847298362818,7.104644298553467,1314800
2025-01-21 00:00:00+00:00,7.163441420892345,7.300634423676553,7.153642154331987,7.281035423278809,2232500
2025-01-22 00:00:00+00:00,7.281034922760093,7.34963165307518,7.1536416625706405,7.173240661621094,1425500
2025-01-23 00:00:00+00:00,7.261436497213475,8.202189460489354,7.173241228159322,8.074795722961426,4889300
2025-01-24 00:00:00+00:00,8.094395655473011,8.329583676153778,7.947402441631944,8.30998420715332,2592900
2025-01-27 00:00:00+00:00,8.329582265868305,9.103743403784495,8.27078480337608,9.0547456741333,4400800
2025-01-28 00:00:00+00:00,9.035147844384628,9.064546110635884,8.652966644902149,8.701964378356934,3250300
2025-01-29 00:00:00+00:00,8.750962257385254,8.86855625890051,8.58437052160013,8.750962257385254,2455600
2025-01-30 00:00:00+00:00,8.79995845730634,8.917553385360515,8.584369936499655,8.682364463806152,1759800
2025-01-31 00:00:00+00:00,8.643166612574891,8.809758339830989,8.554970882315311,8.731362342834473,1603300
2025-02-03 00:00:00+00:00,8.427579048648676,8.54517305754628,8.084595821781745,8.47657585144043,1864200
2025-02-04 00:00:00+00:00,8.574570509473658,8.623568242152883,8.46677624522258,8.525572776794434,1031100
2025-02-05 00:00:00+00:00,8.584370959249364,8.692165232495414,8.545172956745883,8.643167495727539,1217200
2025-02-06 00:00:00+00:00,8.711765032605012,8.73136356732565,8.437378070083028,8.48637580871582,1443300
2025-02-07 00:00:00+00:00,8.466776400541415,8.535372666818281,8.260986667156775,8.447176933288574,1523300
2025-02-10 00:00:00+00:00,8.564771490720576,8.662766964256328,8.309984007170895,8.643167495727539,1939800
2025-02-11 00:00:00+00:00,9.064546894480626,9.182140904208476,8.37858137045778,8.56477165222168,4671300
2025-02-12 00:00:00+00:00,8.829358303780554,9.750511787662044,8.829358303780554,9.564321517944336,9168000
2025-02-13 00:00:00+00:00,9.770110543082533,10.593269432468967,9.642716816434252,10.299283981323242,8018300
2025-02-14 00:00:00+00:00,10.299284776750465,10.524673048151692,10.064096771491602,10.377680778503418,3873200
2025-02-18 00:00:00+00:00,10.377681125131247,10.48547539750351,10.093495375646107,10.436477661132812,3373000
2025-02-19 00:00:00+00:00,10.338482467021011,10.730462464009264,10.318882999894582,10.534472465515137,2899100
2025-02-20 00:00:00+00:00,10.534472093962885,10.642266355694229,10.367880367480081,10.475674629211426,1868300
2025-02-21 00:00:00+00:00,10.643207476107788,10.692481771889064,10.150466397953066,10.170175552368164,2419600
2025-02-24 00:00:00+00:00,10.219450489001607,10.840304399189206,10.130756938999225,10.455965995788574,4088900
2025-02-25 00:00:00+00:00,10.446111232422858,10.70233587878372,10.278579190670166,10.554513931274414,2512800
2025-02-26 00:00:00+00:00,10.603788655627467,10.810739954402262,10.515095107605545,10.702336311340332,2359900
2025-02-27 00:00:00+00:00,10.653062896279838,10.850159146477859,10.574223456371577,10.613643646240234,2260700
2025-02-28 00:00:00+00:00,10.505240354315672,10.731901754478796,10.455966055164637,10.672772407531738,2319900
2025-03-03 00:00:00+00:00,10.643207400114429,10.810739440677164,10.357417614418413,10.4658203125,3698800
2025-03-04 00:00:00+00:00,10.229305050442818,10.337707750942801,9.598596122498918,9.835111618041992,3756400
2025-03-05 00:00:00+00:00,9.904095426024849,10.04206232038786,9.73656339158778,9.894240379333496,2118500
2025-03-06 00:00:00+00:00,9.706999180328207,9.864676167895007,9.628160686544806,9.638014793395996,2251800
2025-03-07 00:00:00+00:00,9.598596524896122,9.638015775805854,9.15512971720436,9.381791114807129,2581300
2025-03-10 00:00:00+00:00,9.204403429891691,9.293096973750064,8.741226556314091,9.056580543518066,3388900
2025-03-11 00:00:00+00:00,8.977741911884197,9.145273950027471,8.820064920650292,9.007307052612305,2108900
2025-03-12 00:00:00+00:00,9.21425862646135,9.460629167919363,9.174839377421227,9.233967781066895,1913300
2025-03-13 00:00:00+00:00,9.224111986929774,9.342369724474251,8.938322219573383,8.98759651184082,1934400
2025-03-14 00:00:00+00:00,9.135419335853499,9.293096318334987,8.938322167922689,9.283241271972656,2149500
2025-03-17 00:00:00+00:00,9.224113255589675,9.519758110027547,9.125565597329773,9.214259147644043,2334300
2025-03-18 00:00:00+00:00,9.145274829877192,9.29309772825249,9.066436326675335,9.174839973449707,1819300
2025-03-19 00:00:00+00:00,9.115709815087671,9.470483047931019,9.007307117787233,9.352225303649902,2164600
2025-03-20 00:00:00+00:00,9.145273869228996,9.421209541279438,9.115709668591089,9.302950859069824,1464100
2025-03-21 00:00:00+00:00,9.125565301477243,9.322661551436234,9.096000159111604,9.243823051452637,4152400
2025-03-24 00:00:00+00:00,9.480339194085678,9.628162096447783,9.332517231552693,9.529613494873047,1900900
2025-03-25 00:00:00+00:00,9.470483576338404,9.647870672571928,9.263532277342312,9.33251667022705,1637100
2025-03-26 00:00:00+00:00,9.450774119320206,9.62816120988933,9.34237047960395,9.362080574035645,1643100
2025-03-27 00:00:00+00:00,9.332516076083444,9.40149952474737,9.174839084949324,9.391644477844238,1614200
2025-03-28 00:00:00+00:00,9.362080956283057,9.391645159308654,8.918614151582831,9.164984703063965,1682200
2025-03-31 00:00:00+00:00,8.96788868707773,9.115710645945203,8.879195135825608,8.918614387512207,2350700
2025-04-01 00:00:00+00:00,8.928469212392027,9.007307713796141,8.721517911248963,8.908759117126465,1829800
2025-04-02 00:00:00+00:00,8.760936722526424,9.03687146360069,8.760936722526424,9.01716136932373,1645000
2025-04-03 00:00:00+00:00,8.47514710545566,8.622969056201788,8.130227967275971,8.169647216796875,2249700
2025-04-04 00:00:00+00:00,7.726180328923,8.00211507214767,7.479809787515144,7.844438076019287,3571000
2025-04-07 00:00:00+00:00,7.519229207318811,8.297760098255933,7.292568285279236,7.874002456665039,3386300
2025-04-08 00:00:00+00:00,8.258340860242953,8.268195907696272,7.56850304568989,7.745890140533447,2887300
2025-04-09 00:00:00+00:00,7.63748653454514,8.553985219435837,7.548792992158427,8.366743087768555,3322200
2025-04-10 00:00:00+00:00,8.149937852272327,8.209066255117927,7.755744427375912,7.903567314147949,2871800
2025-04-11 00:00:00+00:00,7.893712698207562,7.97255119952709,7.627632051382353,7.923276901245117,1715900
2025-04-14 00:00:00+00:00,8.120372847190218,8.199211345525732,7.942986695849829,8.080953598022461,1727200
2025-04-15 00:00:00+00:00,8.041534348854704,8.199211345525732,8.031679301605505,8.080953598022461,2081300
2025-04-16 00:00:00+00:00,7.99226050160221,8.12037330355461,7.893712843058963,7.972551345825195,1672200
2025-04-17 00:00:00+00:00,7.96269571699355,8.071098415429828,7.8542925486427615,7.903567314147949,1866800
2025-04-21 00:00:00+00:00,7.785309241679521,7.8641477401407585,7.637486822107441,7.696615695953369,2374500
2025-04-22 00:00:00+00:00,7.893712843058963,8.100664147777595,7.834583496069746,7.972551345825195,2217000
2025-04-23 00:00:00+00:00,8.278049404947112,8.406162192906855,8.110517369909676,8.189356803894043,2335400
2025-04-24 00:00:00+00:00,8.169646425102808,8.347033500671387,8.120372133019432,8.347033500671387,1788900
2025-04-25 00:00:00+00:00,8.238629870122166,8.3864527463723,8.179501471485274,8.347033500671387,1302300
2025-04-28 00:00:00+00:00,8.416017532348633,8.514566123384943,8.2780496928636,8.416017532348633,1627500
2025-04-29 00:00:00+00:00,8.327324135014258,8.485001131585614,8.297759933114387,8.465291976928711,2068200
2025-04-30 00:00:00+00:00,8.248485707358425,8.603258952681815,8.228776552532755,8.553985595703125,1801800
2025-05-01 00:00:00+00:00,8.593405423238645,8.731372335786105,8.514566918974639,8.622969627380371,1869900
2025-05-02 00:00:00+00:00,8.76093716195102,8.938323320195739,8.731372019052674,8.908759117126465,1544100
2025-05-05 00:00:00+00:00,8.790500938145232,8.997452229238547,8.790500938145232,8.889049530029297,1530000
2025-05-06 00:00:00+00:00,8.721518129079211,8.97774279512756,8.721518129079211,8.918614387512207,1286200
2025-05-07 00:00:00+00:00,8.997452595023297,9.027016797858817,8.682098591900248,8.82006549835205,2162000
2025-05-08 00:00:00+00:00,9.21425855209279,9.578886837728243,8.928468763901273,9.27338695526123,3870100
2025-05-09 00:00:00+00:00,9.253677801153627,9.371935547323858,9.115709960707179,9.14527416229248,2040100
2025-05-12 00:00:00+00:00,9.549321848651179,9.559176895946141,9.17483944973305,9.322661399841309,2947300
2025-05-13 00:00:00+00:00,9.391645146188104,9.509902897954348,9.342370847994902,9.421210289001465,1633200
2025-05-14 00:00:00+00:00,9.371935321120175,9.401499521991907,9.19454823623178,9.263531684875488,1808400
2025-05-15 00:00:00+00:00,9.233967706210333,9.411354795367377,9.233967706210333,9.40149974822998,1423400
2025-05-16 00:00:00+00:00,9.41135449445714,9.431063648272746,9.23396741097171,9.302950859069824,1437200
2025-05-19 00:00:00+00:00,9.193738904810154,9.312880113143635,9.124239156478005,9.183810234069824,1437700
2025-05-20 00:00:00+00:00,9.173881472253196,9.203667484178474,9.094454000819415,9.154025077819824,1009700
2025-05-21 00:00:00+00:00,9.054739892762365,9.14409603116349,8.955456030977864,9.034883499145508,1892900
2025-05-22 00:00:00+00:00,9.600805217201566,10.037656327189302,9.491592676417179,9.8887300491333,5473000
2025-05-23 00:00:00+00:00,9.710017009520744,9.978085425578579,9.551162072679112,9.9483003616333,2999300
2025-05-27 00:00:00+00:00,10.037656083520103,10.474508129753216,9.908586203808053,10.42486572265625,3231600
2025-05-28 00:00:00+00:00,10.405007814386012,10.44472249538072,10.146869015871173,10.246152877807617,2212200
2025-05-29 00:00:00+00:00,10.29579599397107,10.424865875576419,10.027728506675482,10.166726112365723,1938100
2025-05-30 00:00:00+00:00,10.14686990330421,10.345438591393783,10.107156165686295,10.226297378540039,1798200
2025-06-02 00:00:00+00:00,10.196512222290039,10.266011025797116,10.017799931157342,10.196512222290039,1696800
2025-06-03 00:00:00+00:00,10.226297067255306,10.266010803664349,10.077369845583773,10.127012252807617,1897200
2025-06-04 00:00:00+00:00,10.156797069426588,10.166725739998007,9.95822839224892,10.047584533691406,2068100
2025-06-05 00:00:00+00:00,10.077369270980544,10.454650218779289,10.027727813437377,10.246152877807617,2312500
2025-06-06 00:00:00+00:00,10.405008471378457,10.494364615558451,10.246153524769651,10.45465087890625,1651100
2025-06-09 00:00:00+00:00,10.514221957309637,10.603578101489633,10.434794484005234,10.45465087890625,2003600
2025-06-10 00:00:00+00:00,10.474508097048538,10.67307677796625,10.385151953923028,10.414937019348145,1931600
2025-06-11 00:00:00+00:00,10.484436643133714,10.722719057401488,10.345438094719105,10.375223159790039,2081500
2025-06-12 00:00:00+00:00,10.345438217739485,10.42486569010657,10.256082074613975,10.414937019348145,1408900
2025-06-13 00:00:00+00:00,10.186583576665221,10.35536719718922,10.127012497189027,10.206439971923828,1929200
2025-06-16 00:00:00+00:00,10.34543833982524,10.52415062818523,10.275939537396429,10.45465087890625,1801900
2025-06-17 00:00:00+00:00,10.395080967374536,10.484437113445836,10.206440004146192,10.216368675231934,1997200
2025-06-18 00:00:00+00:00,10.285866835895508,10.484436457791858,10.216368036341864,10.315652847290039,2157800
2025-06-20 00:00:00+00:00,10.414937204641351,10.424865875576419,10.04758490169544,10.166726112365723,3023500
2025-06-23 00:00:00+00:00,10.087297915375698,10.246152851546952,9.908585638757984,10.236225128173828,2253900
2025-06-24 00:00:00+00:00,10.375223283164603,10.51422183323208,10.256082074613975,10.414937019348145,1670500
2025-06-25 00:00:00+00:00,10.494364770750042,10.544007179011953,10.365294888009148,10.504293441772461,1360500
2025-06-26 00:00:00+00:00,10.484436268109693,10.931216015593177,10.414936522963293,10.861716270446777,2974200
2025-06-27 00:00:00+00:00,10.931216793969208,11.159570545688823,10.782289569636685,10.802146911621094,5141500
2025-06-30 00:00:00+00:00,10.831932067871094,11.090071834715088,10.722719526598722,10.831932067871094,2820300
2025-07-01 00:00:00+00:00,10.742575919765855,11.179427978469011,10.673077115956339,11.139714241027832,4056000
2025-07-02 00:00:00+00:00,11.09007180039357,11.258855420742279,11.0602867341115,11.129785537719727,2356700
2025-07-03 00:00:00+00:00,11.179427818272591,11.427638910435746,11.129785410469925,11.397852897644043,1973500
2025-07-07 00:00:00+00:00,11.25885529665004,11.566636520822914,11.070214336292313,11.090071678161621,2175800
2025-07-08 00:00:00+00:00,11.17942738109332,11.25885485173145,10.951072692871094,10.951072692871094,2181000
2025-07-09 00:00:00+00:00,11.050358130119191,11.100000538790654,10.752504624940604,10.8418607711792,2234700
2025-07-10 00:00:00+00:00,10.891502718763704,11.090071398193047,10.881574048079699,11.000715255737305,1948400
2025-07-11 00:00:00+00:00,11.020572380629732,11.139713585947064,10.851788769717645,10.9312162399292,3377600
2025-07-14 00:00:00+00:00,11.417710243801709,12.460197020649291,11.32835409909332,12.01341724395752,6337600
2025-07-15 00:00:00+00:00,12.043202019764324,12.102772150234632,11.616278648376465,11.616278648376465,3387500
2025-07-16 00:00:00+00:00,11.695706120236975,11.78506226279259,11.526922505820853,11.616278648376465,2319700
2025-07-17 00:00:00+00:00,11.576565131843275,11.8446335645905,11.576565131843275,11.685778617858887,2627600
2025-07-18 00:00:00+00:00,11.755277264445551,11.953845945226695,11.705634857537726,11.943917274475098,2722600
2025-07-21 00:00:00+00:00,12.013417389978352,12.380769697361137,11.953846310498626,12.370841026306152,3458800
2025-07-22 00:00:00+00:00,12.341055087667065,12.738192433293069,12.301341353104466,12.698478698730469,3732000
2025-07-23 00:00:00+00:00,12.73819280154635,13.016188951521249,12.390696903940116,12.509839057922363,4190500
2025-07-24 00:00:00+00:00,12.460197080627793,12.539624554784211,12.033273696899414,12.033273696899414,2357600
2025-07-25 00:00:00+00:00,12.063058304150257,12.231841917025129,11.98363083301504,12.19212818145752,2656000
2025-07-28 00:00:00+00:00,12.261628362270091,12.271556086375318,11.844633650644942,12.023344993591309,3650500
2025-07-29 00:00:00+00:00,12.14248545965125,12.182200141036649,11.41770956766983,11.487208366394043,4211200
2025-07-30 00:00:00+00:00,11.566636205563952,11.62620728269804,11.288640054921899,11.298568725585938,4373100
2025-07-31 00:00:00+00:00,11.84463323449212,11.874418299461674,10.9510727637542,11.278711318969727,6923300
2025-08-01 00:00:00+00:00,11.050357240493758,11.318424710778183,10.871644962404066,11.169498443603516,3925100
2025-08-04 00:00:00+00:00,11.169499298639934,11.526922935330346,10.95107326945959,11.447495460510254,2770600
2025-08-05 00:00:00+00:00,11.665921370493079,11.6857787124203,10.990786894570357,11.100000381469727,3561200
2025-08-06 00:00:00+00:00,11.159570234483255,11.39785265055012,10.891502753120568,11.318425178527832,18616000
2025-08-07 00:00:00+00:00,11.368067895649308,11.586493923099608,11.060286669871784,11.109928131103516,3384900
2025-08-08 00:00:00+00:00,11.219141592482528,11.219141592482528,10.901430749598212,11.100000381469727,3729600
2025-08-11 00:00:00+00:00,11.069999694824219,11.25,10.920000076293945,11.109999656677246,3852500
2025-08-12 00:00:00+00:00,11.1899995803833,11.609999656677246,11.130000114440918,11.539999961853027,3314100
2025-08-13 00:00:00+00:00,11.600000381469727,11.710000038146973,11.479999542236328,11.569999694824219,2293300
2025-08-14 00:00:00+00:00,11.449999809265137,11.529999732971191,11.199999809265137,11.210000038146973,2331900
2025-08-15 00:00:00+00:00,11.229999542236328,11.289999961853027,11.079999923706055,11.279999732971191,2361800
2025-08-18 00:00:00+00:00,11.170000076293945,11.34000015258789,11.09000015258789,11.109999656677246,2386900
2025-08-19 00:00:00+00:00,11.149999618530273,11.430000305175781,11.149999618530273,11.420000076293945,2319000
2025-08-20 00:00:00+00:00,11.420000076293945,11.489999771118164,11.109999656677246,11.34000015258789,2726700
2025-08-21 00:00:00+00:00,11.300000190734863,11.489999771118164,11.260000228881836,11.300000190734863,3355300
2025-08-22 00:00:00+00:00,11.239999771118164,11.930000305175781,11.210000038146973,11.819999694824219,3272700
2025-08-25 00:00:00+00:00,11.949999809265137,12.460000038146973,11.869999885559082,12.380000114440918,3882600
2025-08-26 00:00:00+00:00,12.380000114440918,12.470000267028809,12.0600004196167,12.239999771118164,4664100
2025-08-27 00:00:00+00:00,12.149999618530273,12.3100004196167,11.989999771118164,12.300000190734863,3441900
2025-08-28 00:00:00+00:00,12.359999656677246,12.4399995803833,11.9399995803833,12.039999961853027,1882400
2025-08-29 00:00:00+00:00,11.970000267028809,12.1899995803833,11.949999809265137,12.119999885559082,2044700
2025-09-02 00:00:00+00:00,11.899999618530273,12.029999732971191,11.819999694824219,12.010000228881836,2155600
2025-09-03 00:00:00+00:00,12.010000228881836,12.109999656677246,11.90999984741211,12.0,2267700
2025-09-04 00:00:00+00:00,12.0600004196167,12.279999732971191,11.989999771118164,12.239999771118164,2230900
2025-09-05 00:00:00+00:00,12.279999732971191,12.380000114440918,12.15999984741211,12.279999732971191,2358000
2025-09-08 00:00:00+00:00,12.5,12.779999732971191,12.25,12.680000305175781,5849500
2025-09-09 00:00:00+00:00,12.539999961853027,12.550000190734863,11.729999542236328,11.739999771118164,7933000
2025-09-10 00:00:00+00:00,11.6899995803833,11.869999885559082,11.229999542236328,11.369999885559082,3657300
2025-09-11 00:00:00+00:00,11.390000343322754,11.520000457763672,11.229999542236328,11.430000305175781,2616400
2025-09-12 00:00:00+00:00,11.34000015258789,11.550000190734863,11.300000190734863,11.40999984741211,2020300
2025-09-15 00:00:00+00:00,11.600000381469727,11.600000381469727,11.319999694824219,11.380000114440918,2055100
2025-09-16 00:00:00+00:00,11.34000015258789,11.380000114440918,11.170000076293945,11.380000114440918,2880400
2025-09-17 00:00:00+00:00,11.380000114440918,11.59000015258789,11.289999961853027,11.329999923706055,1932500
2025-09-18 00:00:00+00:00,11.369999885559082,11.699999809265137,11.369999885559082,11.600000381469727,2298100
2025-09-19 00:00:00+00:00,11.65999984741211,11.789999961853027,11.5,11.789999961853027,5389400
2025-09-22 00:00:00+00:00,11.649999618530273,11.8100004196167,11.569999694824219,11.789999961853027,1754800
2025-09-23 00:00:00+00:00,11.84000015258789,12.029999732971191,11.819999694824219,11.960000038146973,2211100
2025-09-24 00:00:00+00:00,12.0,12.15999984741211,11.90999984741211,11.989999771118164,2080700
2025-09-25 00:00:00+00:00,11.899999618530273,12.050000190734863,11.460000038146973,11.529999732971191,2897300
2025-09-26 00:00:00+00:00,11.539999961853027,11.609999656677246,11.140000343322754,11.279999732971191,3732000
